<<<<<<< HEAD
2991
13880
13279
1514
9507

6544
9672
13044
4794
6648
8669

2790
1196
3619
1692
8727
2342
1099
6083
3834
2008

2974
4393
1146
4240
1880
3226
2390
5640
2768
1887
4217
3314
5653
2609

4473
7306
7909
6862
7413
3738
2102
4269
5966
7491
4851

10396
24686
9258

1299
8539
7570
4888
2209
2720
9275
4843
1884

2421
1872
4696
14627
7944

28659
27933

3477
3702
9649
3433
3288
5779
3578
5744

14516
18228
6351

23055
35889

1539
8880
10443
10688
13205

1723
10526
5505
6148
7407
1316
1386
1908

6350
3394
1405
12681
12249
3342

3273
4478
1674
3077
3210
4848
5194
6226
1793
6392
2969
3370
6749

5323
3818
11179
5699
7426
2055

7592
4222
1308
3898
1905
5747
3736
8450
4093
5432

3650
4915
1762
1643
2548
5160
5841
3552
2407
3754
1112
2095
4010

4648
4784
7355
6149
3842
5997
9033
8125
2140

5701
8717
5937
1369
2407
7081
5603
8224
1719

7134
18703
12905
9024

1136
4968
7603
1796
6299
4692
7288
5035
6056
4214
2163

5102
5785
2014
5626
1185
5211
5093
1674
1129
2135
5578
3682
2592
1177

14148
6970
3442
4661
10454

7239
17068
20869

1314
13042
11732
3313

16316
36536

11462
18906
22733

5842
1252
2089
6507
5646
3539
1135
3911
3312
3864
1561
1242
1577
4928

6484
4452
7637
4278
3223
2596
6958
2926
8398
7834

42277

35666
23962

66631

8607
12209
12140
7439
8233
10780

1955
4179
3115
2461
4052
1965
4867
2999
4667
6305
2033
2156
2720
5333

7146
4223
7494
2463
9438
3799
5983
8810
5352

6644
6079
3698
5011
8830
7311
5775
1636

47417

3449
4886
5862
1067
6451
6165
6269
4526
2145
3366
2907
6100
3448
1254

5486
6003
2304
4297
4993
4572
1397
3608
1043
5773
2267
2790
3298
5842

12417
4128
10779
13809
4455
12524

4907
9170
2300
4787
10507
3252
3017

5847
1655
3274
1333
1345
2974
1634
5984
2632
3336
3129
5976
4261
5377
2356

3298
4185
18840
8294

1545
9312
1986
7355
4092
2450
5827
9291

15323
11402
12265
11203
10405

6310
7512
3485
1855
5631
5606
6932
5481
2700

1586
4820
9274
8570
1569
3103
8255
9864

11002
2245
10309
4417
14403

3846
6671
4086
9903
3295
8426
4783
10343

3839
2967
4060
5648
2220
2952
5233
5410
5957
1267
5465
5686
1843
5608
2876

1869
3328
5657
1292
2594
6721
6816
6180
3233
5446
1196
1126
6370

7221
5771
1747
2178
2489
2483
8006
1297
7288
2882

5109
3769
1916
4030
5064
5091
2593
4580
4883
3898
5093
1462
4974
3315
4750

4338
8285
1073
1188
7465
6912
1933
9366

10301
6604
3170
7569
2109
2540
1869

8537
9525
6440
6314
7522
7153
3792
4998
8585

2261
5367
3569
1653
5889
2656
4559
4336
4047
2517
3163
3464
5707
4080
2922

31484

6284
6371
3846
6099
2447
4024
6457
2455
5285
1982
1048
6029
3168
4278

4284
4379
4699
5393
3491
4928
2769
4853
3575
5178
2761
5158
5662
3138

9471
3142
2990
2640
5344
4397
8037
9150
2463

3333
12379
1140
6496
12356
10438

31049

6280
6924
4580
5774
1092
1987
5513
1612
3775
6117
2074
1008
2792

5978
34312

15983
7271
10111
10061
1913

28704
15277

24025
23191

18306
6711
18537
19324

6021
4008
7214
3499
3902
4954
2579
3091
3229
5659
4769

8220
7006
8314
12372
4550
8244

3551
2389
6163
5021
1132
4774
1359
4387
3766
5954
3018
2230
1420
4371

9525
9526
3372
1658
3881
6444
4351
3509
1460

8558
7212
6909
10144

18406
15594

2874
5110
3416
3843
4867
2379
5323
3126
2865
1438
5739
5554
2414
2554

4077
2048
5488
2691
5089
2188
3358
1680
2924
3096
2104
1717
1833
3019

11757
4441
7469
3234
4779
8291

1996
4223
4867
3717
5649
2668
5702
5023
3901
4406
5510
2661
1533
4191
1400

7414
1109
3430
1863
5904
7684
3006
6861
2151

5424
1766
3046
1493
2287
2836
1791
3799
3946
6174
5000
1012
1078
1054

6378
4060
24317

3422
8186
10230
5610
5148
5640
6697
9931

4186
1561
5054
1160
9066
1801
3083
1458
6963

8939
7912
8916
2111
5217
5919
5273
7538
7372

10768
1651
7043
1197
10657
3884
4463
4241

66810

19272
18102
10613
3908

4643
10608
9358
4072
8940
6360
10068
2116

4791
5553
4483
5580
4445
3405
2528
4133
5431
4930
3270
5119
3100

10323
6834
9322
5292
3729
10536

4377
5696
1831
2483
2420
1045
1142
5294
3178
4678
5912
4389
2517
5257
3008

4125
10399
11897
1295
2459
13275

33112
5382

4577
5342
1546
3935
2972
5917
6807
7051
7018
4855
2378
3974

6943
3464
4843
5073
1477
8054
6873
3861
4184
7438
6297

5298
2153
4410
4572
4580
6756
7076
1043
4894
7722

6214
2109
3696
1819
1287
3928
1233
6297
5185
1864
3200
3230
6227
2079

1536
3380
1856
1853
4504
4101
1167
5046
3233
2522
2409
4679
5718
1044
5828

2824
3323
5732
1716
4082
1812
6451
5249
4976
6125
1353
5689
6242

1084
8644
6344
3049
4275
6275
3450
5792
2225
2435

3099
5018
4117
4452
10756
7422
3595
5963

6311
3908
6596
3238
5050
8033
1455
6736
5930
1928
3276

1600
1073
4772
9737
9139
8601

4916
3294
3356
2203
2782
1691
3605
1710
1499
4469
4907
3151
2876
4872
5376

9746
4484
6726
6405
6379
6695
1546
6393

6285
2133
7112
2655
3135
4494
4720
2529
5476
6704

9199
10093
11924
13132
10969
8021

2266
6407
4116
3708
8866
8118
8493
6382
6414

14026
15738
11978
16047
4103

3333
2774
3092
7997
3844
7916
5528
6319
2317
4643

19739
3748
5424

1039
3224
2868
6107
6976
8538
6323

16161
2927
8366
11738
7602

1370
2592
2054
5152
3537
5643
5293
6632
1418
4779
2883
6204

10644
12434
12655
12592
2494

3389
2619
6847
4510
5306
5385

1832
4541
10862

7395
2103
3849
7964
5105
3605
7695
4921
3646
2566
5996

3025
10709
6811
9451
1852
2736

4548
6752
5880
2428
6486
5284
5820

6206
1977
6271
1565
2363
6084
1943
5714
4644
4032
1643
2156
4055
4567

5165
5035
7605
4427
2647
8011
2908
1168
3266
5529
7711

23833
10619
15010

5060
4907
6624
5395
1016
6929
5380
3764
5532
7831
5329

7904
2841
1018
1426
4579
4510
3989
1289
8273
4279

12736
14190
16883

32835

4317
1193
5184
4546
1694
1196
4373
2347
4049
5666
5698
2817
4678
3980

22571
5504

37209

4757
4579
6807
1442
1536
6602
3905
6884
7226
3101
1120
3849

5590
4892
3081
2536
6082
1532
2318
2777
3641
2864
2505
1679
4880
1163
2077

3948
3128
3485
1641
3989
5132
6057
5384
5990
6257
6507
3405
3960
3868

2939
3711
5743
3425
5965
5620
3055
6930
4500
4733
4011
1553

8219
20157

10494
6572
2011
4950
7388
4958
6701
10093

5062
6365
2966
4770
6178
4993
5128
1438
6268
5552
3329
3863
4256
3647

1580
2151
4323
2744
2838
2084
2356
2912
5797
5836
6001
6283
6956

5872
5366
1071
3423
7950
5515
7606
4833
4363
6754

7304
2085
2765
3046
5378
7258
3930
2047
5211
5948
3480

9663
6108
7148
9800
10254
9203
7937

12218
9139
13622
7696
10329
11172

9401
9897
10143
6100
9964
2154
7319
7498

8780
5117
7036
3037
1706
5242
7249
7284
2078
1728

17577
7230
10234
18936

8416
1185
2396
6979
2992
2253
2917
7305
8488
4622

6685
5299
4251
2549
3790
5368
7221
5706
7925
6502
7808

6241
4351
7552
3775
6773
7225
7567
5820

3950
3540
1080
7325
3394
4633
1869
6327
3902
1421
3541
7361

4850
7359
5156
9779
3045
3741
1889
4935

3506
3235
2392
2384
1722
1272
1297
3784
1520
4136
4597
6208

1713
1735
6325
7553
1611
5346
5266
1007
5645

22956
18090
2717

1498
8912
2860
10065
4102
10195
8619
7174

2990
3208
7040
14050
1387

3086
10540
8999
2483

16011
14905
5517
9267
9327

7848
1954
10323
7195
9807
4464
3234
2104

2235
4964
3309
2177
5222
4738
2714
5281
3441
4456
4352
1169
2808
3138
3274

8877
9811
5627
6382
7521
5837

5504
4031
6402
3441
6483
5283
1036
1335
5285
4683
5401
7344

4169
14771
1896
13377

6438
3297
7216
5522
1471
2817
5369
6477
3806
6599
5724
6522

6076
3239
8915
8080
2812

1607
5198
5896
3895
1229
2030
5527
4837
5821
3149
3159
1656
6030
2010
4604

2844
4604
5741
11440
5163
4355

1844
5763
4911
2989
5267
6645
4968
4317
3036
1724
1784
5800

13575
4117
4728
5783
9013
13240

13842
15191
3141
4765

7938
2898
7974
2035
7803
1909
1098
9097
9291

6535
1174
4794
1525
5808
7345
2768
7255
2257
5602

13575
19965
17232
2750

35642

7697
6719
1812
13584

26437

7606
7892
7526
4920
6775
2129
2548
7524
5114
5294

4056
17673
13062
14865

1487
4138
2188
3584
5151
4029
7213
2313
3330
5396
4269

6793
7201
7619
9344
9472
5835
2234
2088
8763

1631
2291
7526
1090
1009
5730
1354
6865
7140
6000
3380

10624
17641
2161

8172
8971
2217
6300
2777
6061
4855
1749
1893

2178
8240
8476
2192
9511
8940
8280
4132
5311

27950
33583

2652
4372
6853
1967
6620
4484
3223
4281
5273
1766
6234
5574

6828
5915
3458
6806
2814
4145
8642
5397
2549
7984

6032
5403
3959
5411
4179
5540
1545
4430
2484
1772
3279
5560
1907
2885

4832
1221
4133
1614
2348
1641
6835
6891
4221
2430
3820
2499

5998
4269
3322
1257
7604
3261
8784
5152
6059

9655
3995
13638
4250
2830
11687

6156
1364
2380
2225
9824
1512
6378
6675

1571
6937
5199
1593
4612
2487
5548
2038
2591
6347
3044
1079
4688

5238
7304
4476
2930
3782
7293
3726
1404
1901
4445
7015
6752

8419

6892
6548
2671
1757
4123
3463
2570
7263
5229
5192
7325

13782
7314
12677
12477
13486
5230

13577
3934
10077
9166
4717
7645

5358
2198
3312
4801
2527
4034
1999
4764
5788
3458
2843
4598
2322
2422
4872

3140
1599
1635
8875
9163
4841
10028
5565

2464
3454
3594
9524
8722
5689
1560
5812
3010

6702
15704
22334

8121
3272
8232
4521
7689
8203
3491
8651
8999

1659
6794
8706
8685
9729
2422
7210
10240

25308
12582
13844

5243
5754
4904
3074
2228
2314
6750
8273
7456

31763
33698

11467

1057
1163
5868
7365
6298
5522
5083
2607
2640
6784
7421
3097

1671
6274
3342
7291
1221
7314
3739
4931
3184
4064
2119
1381

5228
10244
8153
11913
10240
12109
10580

61792

10208
4324
5583
11389
9223

4904
6100
5521
1951
14505

2267
13080
14058
7587
11313

5089
3437
2229
4505
6358
7240
7977
4973
1308
6776
2254

7189
5182

2620
2814
3095
4199
1173
2148
1367
6002
5100
6194
3338
1169
4422
1599

2098
3218
3992
3373
7069
4080
6550
4385
5412
4140

7124
2473
6789
1286
7079
4559
1459
6747
3849
5240
3090
2784

17116
18851
22020

6834
3351
3681
2709
4499
5769
7705
5554
4324
5470
5946

1775
7411
4045
7449
1652
5962
7406
1113
6763
6892
4421
1151

3725
6326
1296
5944
1223
1111
4446
1905
9251

8153
12814
3302
1661
11623

3386
4242
3179
7596
1099
1223
6241
1020
4869
4247
4906

5208
2362
5365
5656
5553
2689
2832
2248
2565
4027
3744
4494
3262

2013
3397
2712
2766
1050
6780
2011
5529
6836
7063
2265

10758
6733
13823
10328
11961
2488

1908
3576
2367
2913
7258
6005
6231
2573
2938
4048
5005
5973

4602
2148
1414
1018
5080
1286
7079
2476
5975
3865
7153
3292

5474
2200
1666
5834
6504
4983
4229
5689
5358
5298
4968
3762
6038
6140

8424
4933
2202
8871
9421
1163
10520
2527

6145
1123
3662
5987
7112
8320
7502
2351

4890
2668
5522
4488
1494
5735
2009
5489
3132
2789
1876
5855
1277

1597
3115
5153
5194
5268
1057
1302
4087
4640
2687
1436
3447
5824

1836
7952
3379
6602
10400
7891
7102
6127

6646
6790
6513
4780
4377
5911
2832
6423
2909
4189
1711
4975

8072
5304
12460
12406
7023
5993

6462
1631
6429
2025
3339
7157
8182
4927
3654
4273

16156

8008
2078
2961
2709
7088
2669
6653
6788

6810
3227
8499
9527
3141
2629
1326
2026
8875
=======
2494
8013
1055
5425
9104
10665

10642
10677
10300
7374
9085
8508
7569
6214

5300
5960
8252
5852
4308
9991
6367

1361
5356
6114
3379
5996
3822
3785
1622
1143
6009
2211
4951
3093
6395

4892
6648
3022
6063
5436
2174
4264
2004
6444
2926
2651
2749

17121
17879
11056
15642

3926
6751
2643
7882
4006
1351
4912
2735
2985
4015

3043
6923
10352
9998
2470
7346
1077
3024

21632
34735

8525
1982
9285
4188
7017
6666
6538

7019
2696
2707
3639
3674
3642
4837
3804

3570
8191
6054
8727
7323
3522

1442
5794
3774
2398
5615
5786
1832
2234
7906
4799

12978
17621
9788
9237

3006
2799
5627
2478
3159
6430
3843
1469
2006
4131
2269
6201
3593
1423

30560

5281
3850
2894
4056
4341
4117
8216
2700
1327
2379

1597
7217
1003
2555
4820
2881
4051
4550
2457
6518
5480
3044

9465
4325
5593
5606
9317
1026
3707
9456
7801

6217
7814
3159
3866
1035
4302
1498
1160
1510
4650

13306
15884
9699
11206

24775
21119
12643

12737
10893
3450
10732
8670
7597

35714

3380
3513
6559
6891
7767
5311
7086
5345
3498
3091
2516

11565
12877
13416
10568
16033

1380
4192
5815
6230
2434
2443
3682
5568
6134
3316
5878
4493
3857
2110

4341
2469
5606
4268
3525
5555
5771
2284
1921
3279
1901
5991
2868
4866
2310

5969
18172
1931

3598
2837
1105
7300
11781
10686

3698
4698
3891
4481
4089
3511
4949
2148
4017
2529
3572
1912
1837
1937
2688

6485
7072
7964
13114
5864
5280

12413
7196
12856
18069

1367
2238
3089
3189
5022
3877
5238
3566
1081
1525
1958
5796
2498
1517
1481

25527
17474
4705

6722
2844
3856
1780
4518
5679
4775
6067
2695
5979
2488
1515
5071

7155
4147
4406
4169
2156
7110
6837
4673
3599
2672
2768
3195

8040
5248
6440
1830
2281
4938
6116
6842
5743
5788
5703

2527
3362
5630
4976
1989
5157
4951
3382
4525
4057
4077
3717
4035
4907
1795

1069
7242
2438
7224
8058
6215
7770
5958
2445
1702
3558

6075
4164
5797
1051
3104
2966
3653
3933
1546
5111
4811
4145
3532
2289
1468

9540

1830
6422
7523
2131
3072
2873
1423
7560
4640
4476

10022
15927
14403
2312

3056
5371
4501
6465
4761
2050
4187
1179
3746
6089
1365
6495
4844
4984

1812
2671
1805
4200
1986
5327
5548
1872
4364
3147
5447
5882
2602
5501
2446

9725
8080
9941
10636
6852
5378
4137

25228
22215
10199

15394
28799

3620
1758
4663
2715
5642
6209
5361
4582
2165
7485
7611

6910
6782
2177
2763
6877
3922
1355
2400
6139
5362
5737
3766
3535

6587
6770
3729
3316
4161
2828
3886
7483
2746
5923

1647
6201
1200
5810
4493
5373
1856
5507
1833
4277
2897
4473
4433
4352

3807
18028
7426
18476

6493
1157
3125
7736
1208
3243
7737
1953
1970
3245
1600

12034
12959
9334

8432
3424
4506
5758
10840
11056

7284
4013
4217
7307
6367
1977
3617
2165
2969
6595
6651
2446

1083
5636
1785
2553
4634
3790
7465
2970
2725
4267
2861

3145
7872
5049
3368
4009
2348
6877
6956
2359
8064
4386

4764
6236
4923
4395
2974
3985
2725
1831
2755
4068
2383
2138
2998
4346

6673
2519
2754
5734
4796
3389
6931
5771
5936
2328
5684
3171
4608

15166
11415
9051
3437
10405

1590
7370
7003
5030
3852
6353
7054
3765
2925
6968

9678
2846
8939
10270
7196
11860
4221

4447
5407
1459
1693
3774
3978
5240
2331
1903
4421
1152
5084
1969
2365
4526

5249
5631
3701
6419
6003
6884
2315
5745
1341
6370
5430
6442
3156

2112
3970
1000
1981
3528
3490
1510
1629
5413
4277
6347
6134
1855

8848
3187
9361
16338
5644

8477
6983
8052
4156
8204
3216
4797
3024
3499
6006

7326
14394
7169
17160

3282
5582
6657
5435
2096
3038
5747
2545
1927
6331
6785
1199
1794

1471
4089
8406
3811
7060
1164
1042
5968
8721

6191
17967
6680
15071

1811
2960
4046
4196
5271
1982
2324
8928
4517

12525
5174
5986
14713
15516

4412
5282
6035
5882
5488
5797
1101
2763
6159
3886
5358
5802
4033
3113

9534
4195
9134
4093
2988
7170
10552
1724

1768
8793
5606
8771
5365
9465
6618
3528

2206
4623
4108
3138
5818
4907
2036
1646
5703
3097
3475
1167
2515
5095
4964

3633
6926
5402
4602
8429
9575
7807
3691
1060

1142
10612
6215
9965
6377
2889

3544
3870
1373
1166
2068
5111
1958
4383
1868
5305
3620
5304
3126
2972

36719

6297
1347
1423
7325
1798
7102
2585
7973
7084
6963
2423

23242
10969
22162

13407

3392
4473
1448
4470
2740
2249
1154
2212
3078
3817
6471
3506
3395
1906

4808
1923
8332
8636
2919
5259
7210
10191

7183
4475
5652
6992
7492
7906
7275
6680
5776

2752
9069
11736
9659
11337
1120
9412

3199
3488
13447
10265
6076
13516

1651
3970
7077
6774
6915
4838
10860

5737
6268
1718
10759
3572
5494

24537
10330

10316
2956
5555
6248
5263
1249
5783
5774

3525
2066
2616
7191
3926
1532
5964
5512
1695
2512
6491

2975
1916
10644
5182
5339
8680
3275
10289

4593
4274
4044
4904
1989
4851
1555
3703
5231
2427
3096
4461
5178
5241
1141

2331
1706
5359
5149
3273
4602
3067
6598
6665
3244
2654

2959
3036
1202
4882
1152
1667
4291
2393
3774
5366
1414
3985
4260
2775
3831

2474
1259
2835
6583
6997
6502
5069
6551
3077
5282
2469
7110

8600
5500
15337
13901
1000

18310
10484

6280
8351
4405
5826
1032
6646
1367
3758
7046
2308

4888
8942
6060
2012
9154
6142
1923
7135
3387

9170
5125
1487
6729
8642
10296
7469

1373
9559
6106
2405
7721
5877
5946
6080

4164
2747
4312
5824
2960
2506
6274
5887
4796
3492
4477
2933
1811
4957

8728
9090
7028
8869
3362
3784
7482
8101
3665

5341
8591
3108
9080
6248
6100

7454
28472

7151
4060
9436
9008
1333
6366
8098
7046
1869

34017
11550

4232
6470
3007
4974
6384
5389
2818
3389
2533
6309
2500
2012
2348
3439

2004
2786
6125
2455
3910
2408
1037
2979
3755
3838
2639
5705
4765
3057

2257
2999
6940
2994
5671
1779
2765
5705
2980
4426
6194
4142
5594

31017
14466

5123
4500
5594
2181
3229
4797
3006
5755
3988
3184
2501
5516
5401

23717
19963
23101

22339
24909
1460

4560
2544
3862
4631
2156
7098
3945
1190
1009
1850
2418
2600

3012
1803
1248
1391
3975
4870
6010
4507
5351
2986
6310
4678
4341
4420

18246
20268
12620

2308
9249
3234
11647
5717
10514
10348

6993
14784
22089

2456
7956
4644
11788
10286
10176
6059

7692
10510
11255

6235
2861
1136

11444

11241
2893
3679
12208

8913
9505
3537
15868

4555
9248
18262

12005
1419
5608
3454

14026
3426
9822
6157
1034

3063
1146
10723
1798
10569
3361
8119
5926

11894
8410
3507
8343
15469

16610
3588
11982
2953

3112
4710
4522
2766
4143
3462
1736
2128
2889
4421
2772
1153
4622
3897
4013

3483
1728
3257
4736
11723
2254
7438

4465
5761
1625
5566
1391
5720
2158
5331
1482
1734
4974
1276
2704
1386
5426

18780
10740

5245
1769
7853

2539
6400
4704
3929
6819
4483
1535
1689
6851
2644
1799
6513
4817

6631
13675
2737
15282
10426

4102
2574
4427
2824
1083
4480
3898
2459
4123
4502
2174
4804
3109
3121
3408

9018
2604
9256
6568
4487
4133
3395
9266
2025

3920
1556
6177
5349
6296
13639

4313
1156
8342
7415
4000
11858
4709

8780
5173
6162
6344
1941

1301
4685
1841
2222
3305
3965
6551
7114
5399
3747
1839
6706

7853
11264

14768
14746
5840
1731

4166
1442
2971
8507
1859
5344

2874
1080
4159
2491
3860
6050
6523
1136
1478
6370
6541
3607
1908

4652
5783
4407
5261
1017
3165
3589
1771
1700
1308
2280
5742

4598
4281
2933
5351
2897
3983
6840
4827
3726
7356
5221
4955

5184
9444
4616
2549
4979
4577

4998
1639
1189
2612
1072
2130
1044
3009
4132
2712
1223
5394
4698
3702
2456

5523
6843
6182
4741
6514
5068
4521
2424
6076
7273
3125
6378

5675
5075
4462
2155
2621
6955
6893
5037
1935
6837
2225
5190

23738
30667

3332
4507
4454
3274
6417
5739
1855
5078
2040
2472
6068
5696
1449

12606
17528

1761
8980
8137
12561
1838

23685
5576
2070

2014
2573
1478
3902
6247
5167
3393
3723
6336
4675
6430
5310
1484
4109

9842
3374
4250
6939
3975
5106
4823

27517
29161

3861
2633
15717

4392
3840
3178
4148
1419
4242
5498
3890
6033
4700
6624
4499

7872
1829
9261
3780
3815
11309
5207

10646
3597
8139
4802
6588
8367
9006

3268
4153
4070
3310
1132
6237
3285
4461
1418
3315
5840
3931
4168
4059

12562
15842
4084
5075
4652

13950
9685
24437

13322
17454
3563
6272

3171
4566
2828
2367
3947
3408
4149
3323
2995
5217
2740
5365
1857
3393
5257

25535
4255
4792

2725
7987
4898
4443
6620
7232
5562
8511
8551
6817

4986
1999
9609
4028
7978
7833

7122
3544
1386
6190
2119
3479
3638
2645
4651
6909
3419
6260

4884
24630
16892

1404
3127
3142
5332
1979
1038
4098
3841
3620
3092
5325
3685
5385
3439

25512
4994
1339

65852

5886
2370
2424
7331
4765
8599
3997
4213
1185
4739

3268
6752
3238
8925
4044
9369
4423
6024

7615
7582
1946
6493
6969
2369
2498
4231
6898
2301

13338
15159
1007
1579
4532

3111
4477
2628
2009
1361
3171
5895
5000
3213
5536

3384
6723
5558
3445
7104
4590
2005
1142
4239
2804
2136
5493

8745
8221
2669
3171
5469
2077
7506
1388
6350

1347
1620
2690
4070
4859
6068
4170
4634
2749
3346
3541
3841
3558
5879
1725

1630
8268
4370
1609
6617
5419
4991
3865
5722
4530

5677
17141
16522
13806

18659
25364
19945

27851
31094

4535
5908
4391
1243
1037
4963
1570
5836
3720
3066
2995
4234
3073
5882

37830

8609
8530
6527
2145
8647
7720
5906
2524
8666

1143
1080
4034
2107
2539
4458
5898
2709
4941
1011
1232
3069
1527
2769
5071

2092
6346
6041
8472
10954
2509
3632

23978
1578
23954

3027
2598
1818
5892
2519
5083
3793
5849
1488
3357
1350
6813
4486

2282
6271
2548
6333
7978
4451
5808
5716
7485
6615
2823

63025

5701
2013
5327
3534
4144
1980
5576
5075
5456
3808
2466
5444
4918
6048
4177

3240
1730
5306
7215
2278
4619
3812
4873
4453

1467
2152
6616
3839
3422
3110
4447
6771
2967
4994
6764
5722
3680

58287

6434
1137
15936
15651
14632

1074
5120
1340
4497
4947
2195
1243
5123
2076
4464
2615
3780
5693
1208
2180

14965
10684
2049
10628
9532

24592

4560
4156
3363
1751
4886
5216
2888
1327
1285
6123
2701
4501
6007

6445
1701
3886
3597
3854
2593
3249
3424
1703
3036
1670
5705
5781
1953

11411
7632
1419
5620
7953
7273
10715

12735
1860
6909
9353

6189
10627
9335
5646
5375
6886
3897
5716

8653
12542
6082
15244

4819
1613
1332
3125
1897
3675
3688
3393
3794
1146

2603
6838
6037
5540
2335
6837
4425
3437
5965
3449
4752
5173
1971

25800
14272
12870

4840
6051
2429
2372
2533
4184
4051
5449
1321
2738
4450
4473
4618
2936
5818

9966
9565
4598
6548
6832
1749

6333
7723
7084
7305
2609
8143
10400
7867

2652
6421
6630
4124
8490
8618
6380
2636
8045

1382
6541
2533
3419
3661
4779
5466
6163
5536
4844
2600
1126
4297

4541
10317
5900
4278
2540
4385
3048
3079

7542
4938
1913
7746
7472
7621
1307
2142

12358
6813
15347
14448
4584

8653
14358
1689
3466
13581

18460
15717
11921

5002
1450
1233
5553
2723
3811
4765
1001
4513
5847
4403

20065
10696

8007
1090
2875
4585
7707
7823
2009
8498

9586
8143
8021
4245
7291
3936
11899

26024

14163
9586
12371
2127
4436

2613
6450
3236
7142
6570
6405
2444
3243
6166
7090
3461
6534

3176
4477
4562
3589
5280
5548
3708
4632
3836
4171
5284
3667
3313
4312

12262
7518
13586
14339
2951

30207

3979
2163
7147
3726
4358
7572
3345
1296
2755
4608

5723
3754
2684

19384
3722

2024
8540
6504
12081
4812
3647
2731

18117
13193
13899
19853

3533
4991
2034
3914
5920
2455
2660
3175
1410
1127
2272
3689
5804
1311
1121
>>>>>>> 66f9190bd828e5380e8a2a815f512ccc14c1f92b
